{
 "cells": [
  {
   "cell_type": "code",
   "execution_count": 77,
   "metadata": {
    "collapsed": false
   },
   "outputs": [],
   "source": [
    "%matplotlib inline\n",
    "import cv2\n",
    "from itertools import product, chain\n",
    "import numpy\n",
    "import pylab as pl"
   ]
  },
  {
   "cell_type": "code",
   "execution_count": 62,
   "metadata": {
    "collapsed": true
   },
   "outputs": [],
   "source": [
    "def gabor(ksize, num):\n",
    "    filters = []\n",
    "    ksize = ksize\n",
    "    for theta in numpy.arange(0, numpy.pi, numpy.pi / num):\n",
    "#         for lamda in numpy.arange(0, numpy.pi, numpy.pi/4):\n",
    "        kern = cv2.getGaborKernel((ksize, ksize), 1.0, theta, 1, 2, 0,  ktype=cv2.CV_32F)\n",
    "        kern /= 1.5*kern.sum()\n",
    "        filters.append(kern)\n",
    "    return filters"
   ]
  },
  {
   "cell_type": "code",
   "execution_count": 79,
   "metadata": {
    "collapsed": false
   },
   "outputs": [
    {
     "name": "stdout",
     "output_type": "stream",
     "text": [
      "[[[ -1.57925395e-35  -1.42905832e-30  -4.71790647e-26 ...,   4.71790647e-26\n",
      "     1.42905832e-30   1.57925395e-35]\n",
      "  [ -5.66739926e-35  -5.12839881e-30  -1.69309437e-25 ...,   1.69309437e-25\n",
      "     5.12839881e-30   5.66739926e-35]\n",
      "  [ -1.81995523e-34  -1.64686760e-29  -5.43698407e-25 ...,   5.43698407e-25\n",
      "     1.64686760e-29   1.81995523e-34]\n",
      "  ..., \n",
      "  [ -1.81995523e-34  -1.64686760e-29  -5.43698407e-25 ...,   5.43698407e-25\n",
      "     1.64686760e-29   1.81995523e-34]\n",
      "  [ -5.66739926e-35  -5.12839881e-30  -1.69309437e-25 ...,   1.69309437e-25\n",
      "     5.12839881e-30   5.66739926e-35]\n",
      "  [ -1.57925395e-35  -1.42905832e-30  -4.71790647e-26 ...,   4.71790647e-26\n",
      "     1.42905832e-30   1.57925395e-35]]\n",
      "\n",
      " [[ -8.67909728e-10  -1.09230059e-08  -5.55440849e-08 ...,   7.10793823e-51\n",
      "     3.24939407e-56   7.41005830e-62]\n",
      "  [ -8.15056874e-10  -1.68978733e-08  -1.55844686e-07 ...,   5.74121538e-47\n",
      "     4.01350464e-52   1.39931946e-57]\n",
      "  [ -4.87262022e-10  -1.62027342e-08  -2.50139003e-07 ...,   3.04738233e-43\n",
      "     3.25822290e-48   1.73704009e-53]\n",
      "  ..., \n",
      "  [ -1.73704009e-53  -3.25822290e-48  -3.04738233e-43 ...,   2.50139003e-07\n",
      "     1.62027342e-08   4.87262022e-10]\n",
      "  [ -1.39931946e-57  -4.01350464e-52  -5.74121538e-47 ...,   1.55844686e-07\n",
      "     1.68978733e-08   8.15056874e-10]\n",
      "  [ -7.41005830e-62  -3.24939407e-56  -7.10793823e-51 ...,   5.55440849e-08\n",
      "     1.09230059e-08   8.67909728e-10]]\n",
      "\n",
      " [[  2.02293256e-19   8.71910913e-20   3.08459459e-20 ...,   3.17245438e-47\n",
      "     1.80035499e-49   8.39485882e-52]\n",
      "  [  2.86924915e-16   1.61460101e-16   7.45437926e-17 ...,   1.50292353e-41\n",
      "     1.10914728e-43   6.72523095e-46]\n",
      "  [  1.59744044e-13   1.17565359e-13   7.09420665e-14 ...,   2.83728619e-36\n",
      "     2.72357804e-38   2.14787576e-40]\n",
      "  ..., \n",
      "  [ -2.14787576e-40  -2.72357804e-38  -2.83728619e-36 ...,  -7.09420665e-14\n",
      "    -1.17565359e-13  -1.59744044e-13]\n",
      "  [ -6.72523095e-46  -1.10914728e-43  -1.50292353e-41 ...,  -7.45437926e-17\n",
      "    -1.61460101e-16  -2.86924915e-16]\n",
      "  [ -8.39485882e-52  -1.80035499e-49  -3.17245438e-47 ...,  -3.08459459e-20\n",
      "    -8.71910913e-20  -2.02293256e-19]]\n",
      "\n",
      " [[  8.39485882e-52   1.80035499e-49   3.17245438e-47 ...,   3.08459459e-20\n",
      "     8.71910913e-20   2.02293256e-19]\n",
      "  [  6.72523095e-46   1.10914728e-43   1.50292353e-41 ...,   7.45437926e-17\n",
      "     1.61460101e-16   2.86924915e-16]\n",
      "  [  2.14787576e-40   2.72357804e-38   2.83728619e-36 ...,   7.09420665e-14\n",
      "     1.17565359e-13   1.59744044e-13]\n",
      "  ..., \n",
      "  [ -1.59744044e-13  -1.17565359e-13  -7.09420665e-14 ...,  -2.83728619e-36\n",
      "    -2.72357804e-38  -2.14787576e-40]\n",
      "  [ -2.86924915e-16  -1.61460101e-16  -7.45437926e-17 ...,  -1.50292353e-41\n",
      "    -1.10914728e-43  -6.72523095e-46]\n",
      "  [ -2.02293256e-19  -8.71910913e-20  -3.08459459e-20 ...,  -3.17245438e-47\n",
      "    -1.80035499e-49  -8.39485882e-52]]\n",
      "\n",
      " [[  7.41005830e-62   3.24939407e-56   7.10793823e-51 ...,  -5.55440849e-08\n",
      "    -1.09230059e-08  -8.67909728e-10]\n",
      "  [  1.39931946e-57   4.01350464e-52   5.74121538e-47 ...,  -1.55844686e-07\n",
      "    -1.68978733e-08  -8.15056874e-10]\n",
      "  [  1.73704009e-53   3.25822290e-48   3.04738233e-43 ...,  -2.50139003e-07\n",
      "    -1.62027342e-08  -4.87262022e-10]\n",
      "  ..., \n",
      "  [  4.87262022e-10   1.62027342e-08   2.50139003e-07 ...,  -3.04738233e-43\n",
      "    -3.25822290e-48  -1.73704009e-53]\n",
      "  [  8.15056874e-10   1.68978733e-08   1.55844686e-07 ...,  -5.74121538e-47\n",
      "    -4.01350464e-52  -1.39931946e-57]\n",
      "  [  8.67909728e-10   1.09230059e-08   5.55440849e-08 ...,  -7.10793823e-51\n",
      "    -3.24939407e-56  -7.41005830e-62]]]\n",
      "[[[ -2.18070692e-10  -3.54327922e-09  -4.44667826e-08 ...,   4.44667826e-08\n",
      "     3.54327922e-09   2.18070692e-10]\n",
      "  [ -3.00144412e-10  -4.87683808e-09  -6.12024301e-08 ...,   6.12024301e-08\n",
      "     4.87683808e-09   3.00144412e-10]\n",
      "  [ -4.01790335e-10  -6.52841209e-09  -8.19290446e-08 ...,   8.19290446e-08\n",
      "     6.52841209e-09   4.01790335e-10]\n",
      "  ..., \n",
      "  [ -4.01790335e-10  -6.52841209e-09  -8.19290446e-08 ...,   8.19290446e-08\n",
      "     6.52841209e-09   4.01790335e-10]\n",
      "  [ -3.00144412e-10  -4.87683808e-09  -6.12024301e-08 ...,   6.12024301e-08\n",
      "     4.87683808e-09   3.00144412e-10]\n",
      "  [ -2.18070692e-10  -3.54327922e-09  -4.44667826e-08 ...,   4.44667826e-08\n",
      "     3.54327922e-09   2.18070692e-10]]\n",
      "\n",
      " [[ -1.87678637e-04  -2.69148734e-04  -2.62233822e-04 ...,   3.70580271e-14\n",
      "     1.78175954e-15   7.18566922e-17]\n",
      "  [ -2.14653661e-04  -3.69328475e-04  -4.75328575e-04 ...,   3.41038084e-13\n",
      "     1.82621261e-14   8.20094307e-16]\n",
      "  [ -2.13867254e-04  -4.29853891e-04  -6.74459102e-04 ...,   2.82232886e-12\n",
      "     1.68348968e-13   8.41936487e-15]\n",
      "  ..., \n",
      "  [ -8.41936487e-15  -1.68348968e-13  -2.82232886e-12 ...,   6.74459102e-04\n",
      "     4.29853891e-04   2.13867254e-04]\n",
      "  [ -8.20094307e-16  -1.82621261e-14  -3.41038084e-13 ...,   4.75328575e-04\n",
      "     3.69328475e-04   2.14653661e-04]\n",
      "  [ -7.18566922e-17  -1.78175954e-15  -3.70580271e-14 ...,   2.62233822e-04\n",
      "     2.69148734e-04   1.87678637e-04]]\n",
      "\n",
      " [[  1.65429959e-06   1.38053019e-06   1.09534708e-06 ...,   2.97509184e-13\n",
      "     8.29580249e-14   2.20164732e-14]\n",
      "  [  9.19700309e-06   8.23746717e-06   7.01179478e-06 ...,   7.41811075e-12\n",
      "     2.21131334e-12   6.27352648e-13]\n",
      "  [  3.98677106e-05   3.83915610e-05   3.51122643e-05 ...,   1.46414555e-10\n",
      "     4.66696924e-11   1.41565396e-11]\n",
      "  ..., \n",
      "  [ -1.41565396e-11  -4.66696924e-11  -1.46414555e-10 ...,  -3.51122643e-05\n",
      "    -3.83915610e-05  -3.98677106e-05]\n",
      "  [ -6.27352648e-13  -2.21131334e-12  -7.41811075e-12 ...,  -7.01179478e-06\n",
      "    -8.23746717e-06  -9.19700309e-06]\n",
      "  [ -2.20164732e-14  -8.29580249e-14  -2.97509184e-13 ...,  -1.09534708e-06\n",
      "    -1.38053019e-06  -1.65429959e-06]]\n",
      "\n",
      " [[  2.20164732e-14   8.29580249e-14   2.97509184e-13 ...,   1.09534708e-06\n",
      "     1.38053019e-06   1.65429959e-06]\n",
      "  [  6.27352648e-13   2.21131334e-12   7.41811075e-12 ...,   7.01179478e-06\n",
      "     8.23746717e-06   9.19700309e-06]\n",
      "  [  1.41565396e-11   4.66696924e-11   1.46414555e-10 ...,   3.51122643e-05\n",
      "     3.83915610e-05   3.98677106e-05]\n",
      "  ..., \n",
      "  [ -3.98677106e-05  -3.83915610e-05  -3.51122643e-05 ...,  -1.46414555e-10\n",
      "    -4.66696924e-11  -1.41565396e-11]\n",
      "  [ -9.19700309e-06  -8.23746717e-06  -7.01179478e-06 ...,  -7.41811075e-12\n",
      "    -2.21131334e-12  -6.27352648e-13]\n",
      "  [ -1.65429959e-06  -1.38053019e-06  -1.09534708e-06 ...,  -2.97509184e-13\n",
      "    -8.29580249e-14  -2.20164732e-14]]\n",
      "\n",
      " [[  7.18566922e-17   1.78175954e-15   3.70580271e-14 ...,  -2.62233822e-04\n",
      "    -2.69148734e-04  -1.87678637e-04]\n",
      "  [  8.20094307e-16   1.82621261e-14   3.41038084e-13 ...,  -4.75328575e-04\n",
      "    -3.69328475e-04  -2.14653661e-04]\n",
      "  [  8.41936487e-15   1.68348968e-13   2.82232886e-12 ...,  -6.74459102e-04\n",
      "    -4.29853891e-04  -2.13867254e-04]\n",
      "  ..., \n",
      "  [  2.13867254e-04   4.29853891e-04   6.74459102e-04 ...,  -2.82232886e-12\n",
      "    -1.68348968e-13  -8.41936487e-15]\n",
      "  [  2.14653661e-04   3.69328475e-04   4.75328575e-04 ...,  -3.41038084e-13\n",
      "    -1.82621261e-14  -8.20094307e-16]\n",
      "  [  1.87678637e-04   2.69148734e-04   2.62233822e-04 ...,  -3.70580271e-14\n",
      "    -1.78175954e-15  -7.18566922e-17]]]\n",
      "[[[ -1.21091999e-04  -2.27759262e-04  -3.99106788e-04 ...,   3.99106788e-04\n",
      "     2.27759262e-04   1.21091999e-04]\n",
      "  [ -1.31159179e-04  -2.46694397e-04  -4.32287179e-04 ...,   4.32287179e-04\n",
      "     2.46694397e-04   1.31159179e-04]\n",
      "  [ -1.41080176e-04  -2.65354583e-04  -4.64985768e-04 ...,   4.64985768e-04\n",
      "     2.65354583e-04   1.41080176e-04]\n",
      "  ..., \n",
      "  [ -1.41080176e-04  -2.65354583e-04  -4.64985768e-04 ...,   4.64985768e-04\n",
      "     2.65354583e-04   1.41080176e-04]\n",
      "  [ -1.31159179e-04  -2.46694397e-04  -4.32287179e-04 ...,   4.32287179e-04\n",
      "     2.46694397e-04   1.31159179e-04]\n",
      "  [ -1.21091999e-04  -2.27759262e-04  -3.99106788e-04 ...,   3.99106788e-04\n",
      "     2.27759262e-04   1.21091999e-04]]\n",
      "\n",
      " [[ -1.18473027e-03  -9.87130247e-04  -6.36313302e-04 ...,   1.63921731e-05\n",
      "     7.98142331e-06   3.71191647e-06]\n",
      "  [ -1.42346067e-03  -1.31455134e-03  -1.03404390e-03 ...,   2.77154678e-05\n",
      "     1.38844219e-05   6.64232471e-06]\n",
      "  [ -1.61142204e-03  -1.60591877e-03  -1.42271774e-03 ...,   4.55771704e-05\n",
      "     2.34956493e-05   1.15642182e-05]\n",
      "  ..., \n",
      "  [ -1.15642182e-05  -2.34956493e-05  -4.55771704e-05 ...,   1.42271774e-03\n",
      "     1.60591877e-03   1.61142204e-03]\n",
      "  [ -6.64232471e-06  -1.38844219e-05  -2.77154678e-05 ...,   1.03404390e-03\n",
      "     1.31455134e-03   1.42346067e-03]\n",
      "  [ -3.71191647e-06  -7.98142331e-06  -1.63921731e-05 ...,   6.36313302e-04\n",
      "     9.87130247e-04   1.18473027e-03]]\n",
      "\n",
      " [[  8.02173069e-04   7.89650806e-04   7.66718416e-04 ...,   2.65474217e-05\n",
      "     1.95987870e-05   1.42865401e-05]\n",
      "  [  1.11586479e-03   1.12259096e-03   1.11347212e-03 ...,   5.63803990e-05\n",
      "     4.23702744e-05   3.14382666e-05]\n",
      "  [  1.43686570e-03   1.47985987e-03   1.50173503e-03 ...,   1.12525320e-04\n",
      "     8.61002558e-05   6.50413908e-05]\n",
      "  ..., \n",
      "  [ -6.50413908e-05  -8.61002558e-05  -1.12525320e-04 ...,  -1.50173503e-03\n",
      "    -1.47985987e-03  -1.43686570e-03]\n",
      "  [ -3.14382666e-05  -4.23702744e-05  -5.63803990e-05 ...,  -1.11347212e-03\n",
      "    -1.12259096e-03  -1.11586479e-03]\n",
      "  [ -1.42865401e-05  -1.95987870e-05  -2.65474217e-05 ...,  -7.66718416e-04\n",
      "    -7.89650806e-04  -8.02173069e-04]]\n",
      "\n",
      " [[  1.42865401e-05   1.95987870e-05   2.65474217e-05 ...,   7.66718416e-04\n",
      "     7.89650806e-04   8.02173069e-04]\n",
      "  [  3.14382666e-05   4.23702744e-05   5.63803990e-05 ...,   1.11347212e-03\n",
      "     1.12259096e-03   1.11586479e-03]\n",
      "  [  6.50413908e-05   8.61002558e-05   1.12525320e-04 ...,   1.50173503e-03\n",
      "     1.47985987e-03   1.43686570e-03]\n",
      "  ..., \n",
      "  [ -1.43686570e-03  -1.47985987e-03  -1.50173503e-03 ...,  -1.12525320e-04\n",
      "    -8.61002558e-05  -6.50413908e-05]\n",
      "  [ -1.11586479e-03  -1.12259096e-03  -1.11347212e-03 ...,  -5.63803990e-05\n",
      "    -4.23702744e-05  -3.14382666e-05]\n",
      "  [ -8.02173069e-04  -7.89650806e-04  -7.66718416e-04 ...,  -2.65474217e-05\n",
      "    -1.95987870e-05  -1.42865401e-05]]\n",
      "\n",
      " [[  3.71191647e-06   7.98142331e-06   1.63921731e-05 ...,  -6.36313302e-04\n",
      "    -9.87130247e-04  -1.18473027e-03]\n",
      "  [  6.64232471e-06   1.38844219e-05   2.77154678e-05 ...,  -1.03404390e-03\n",
      "    -1.31455134e-03  -1.42346067e-03]\n",
      "  [  1.15642182e-05   2.34956493e-05   4.55771704e-05 ...,  -1.42271774e-03\n",
      "    -1.60591877e-03  -1.61142204e-03]\n",
      "  ..., \n",
      "  [  1.61142204e-03   1.60591877e-03   1.42271774e-03 ...,  -4.55771704e-05\n",
      "    -2.34956493e-05  -1.15642182e-05]\n",
      "  [  1.42346067e-03   1.31455134e-03   1.03404390e-03 ...,  -2.77154678e-05\n",
      "    -1.38844219e-05  -6.64232471e-06]\n",
      "  [  1.18473027e-03   9.87130247e-04   6.36313302e-04 ...,  -1.63921731e-05\n",
      "    -7.98142331e-06  -3.71191647e-06]]]\n",
      "[[[  1.71612436e-34   1.42161012e-29   4.25918510e-25 ...,   4.25918510e-25\n",
      "     1.42161012e-29   1.71612436e-34]\n",
      "  [  6.15858008e-34   5.10166977e-29   1.52847504e-24 ...,   1.52847504e-24\n",
      "     5.10166977e-29   6.15858008e-34]\n",
      "  [  1.97768668e-33   1.63828419e-28   4.90834688e-24 ...,   4.90834688e-24\n",
      "     1.63828419e-28   1.97768668e-33]\n",
      "  ..., \n",
      "  [  1.97768668e-33   1.63828419e-28   4.90834688e-24 ...,   4.90834688e-24\n",
      "     1.63828419e-28   1.97768668e-33]\n",
      "  [  6.15858008e-34   5.10166977e-29   1.52847504e-24 ...,   1.52847504e-24\n",
      "     5.10166977e-29   6.15858008e-34]\n",
      "  [  1.71612436e-34   1.42161012e-29   4.25918510e-25 ...,   4.25918510e-25\n",
      "     1.42161012e-29   1.71612436e-34]]\n",
      "\n",
      " [[  1.62769673e-09   1.17257278e-08   3.30102493e-09 ...,   8.82267820e-50\n",
      "     4.25059752e-55   1.01886118e-60]\n",
      "  [  1.96878698e-09   2.81367260e-08   1.29448245e-07 ...,   6.84717251e-46\n",
      "     5.05514505e-51   1.85606194e-56]\n",
      "  [  1.43175531e-09   3.58858837e-08   3.62488763e-07 ...,   3.48622950e-42\n",
      "     3.94548636e-47   2.21962905e-52]\n",
      "  ..., \n",
      "  [  2.21962905e-52   3.94548636e-47   3.48622950e-42 ...,   3.62488763e-07\n",
      "     3.58858837e-08   1.43175531e-09]\n",
      "  [  1.85606194e-56   5.05514505e-51   6.84717251e-46 ...,   1.29448245e-07\n",
      "     2.81367260e-08   1.96878698e-09]\n",
      "  [  1.01886118e-60   4.25059752e-55   8.82267820e-50 ...,   3.30102493e-09\n",
      "     1.17257278e-08   1.62769673e-09]]\n",
      "\n",
      " [[  1.26063489e-18   5.65876035e-19   2.08151794e-19 ...,   3.76723417e-46\n",
      "     2.18387351e-48   1.03975389e-50]\n",
      "  [  1.55921999e-15   9.19322132e-16   4.43752986e-16 ...,   1.66650265e-40\n",
      "     1.25821548e-42   7.80094049e-45]\n",
      "  [  7.39908613e-13   5.75275214e-13   3.65631595e-13 ...,   2.92279805e-35\n",
      "     2.87532994e-37   2.32247611e-39]\n",
      "  ..., \n",
      "  [  2.32247611e-39   2.87532994e-37   2.92279805e-35 ...,   3.65631595e-13\n",
      "     5.75275214e-13   7.39908613e-13]\n",
      "  [  7.80094049e-45   1.25821548e-42   1.66650265e-40 ...,   4.43752986e-16\n",
      "     9.19322132e-16   1.55921999e-15]\n",
      "  [  1.03975389e-50   2.18387351e-48   3.76723417e-46 ...,   2.08151794e-19\n",
      "     5.65876035e-19   1.26063489e-18]]\n",
      "\n",
      " [[  1.03975389e-50   2.18387351e-48   3.76723417e-46 ...,   2.08151794e-19\n",
      "     5.65876035e-19   1.26063489e-18]\n",
      "  [  7.80094049e-45   1.25821548e-42   1.66650265e-40 ...,   4.43752986e-16\n",
      "     9.19322132e-16   1.55921999e-15]\n",
      "  [  2.32247611e-39   2.87532994e-37   2.92279805e-35 ...,   3.65631595e-13\n",
      "     5.75275214e-13   7.39908613e-13]\n",
      "  ..., \n",
      "  [  7.39908613e-13   5.75275214e-13   3.65631595e-13 ...,   2.92279805e-35\n",
      "     2.87532994e-37   2.32247611e-39]\n",
      "  [  1.55921999e-15   9.19322132e-16   4.43752986e-16 ...,   1.66650265e-40\n",
      "     1.25821548e-42   7.80094049e-45]\n",
      "  [  1.26063489e-18   5.65876035e-19   2.08151794e-19 ...,   3.76723417e-46\n",
      "     2.18387351e-48   1.03975389e-50]]\n",
      "\n",
      " [[  1.01886118e-60   4.25059752e-55   8.82267820e-50 ...,   3.30102493e-09\n",
      "     1.17257278e-08   1.62769673e-09]\n",
      "  [  1.85606194e-56   5.05514505e-51   6.84717251e-46 ...,   1.29448245e-07\n",
      "     2.81367260e-08   1.96878698e-09]\n",
      "  [  2.21962905e-52   3.94548636e-47   3.48622950e-42 ...,   3.62488763e-07\n",
      "     3.58858837e-08   1.43175531e-09]\n",
      "  ..., \n",
      "  [  1.43175531e-09   3.58858837e-08   3.62488763e-07 ...,   3.48622950e-42\n",
      "     3.94548636e-47   2.21962905e-52]\n",
      "  [  1.96878698e-09   2.81367260e-08   1.29448245e-07 ...,   6.84717251e-46\n",
      "     5.05514505e-51   1.85606194e-56]\n",
      "  [  1.62769673e-09   1.17257278e-08   3.30102493e-09 ...,   8.82267820e-50\n",
      "     4.25059752e-55   1.01886118e-60]]]\n",
      "[[[  1.07174895e-09   1.58762353e-08   1.79827420e-07 ...,   1.79827420e-07\n",
      "     1.58762353e-08   1.07174895e-09]\n",
      "  [  1.47511549e-09   2.18514613e-08   2.47507790e-07 ...,   2.47507790e-07\n",
      "     2.18514613e-08   1.47511549e-09]\n",
      "  [  1.97467328e-09   2.92516057e-08   3.31327967e-07 ...,   3.31327967e-07\n",
      "     2.92516057e-08   1.97467328e-09]\n",
      "  ..., \n",
      "  [  1.97467328e-09   2.92516057e-08   3.31327967e-07 ...,   3.31327967e-07\n",
      "     2.92516057e-08   1.97467328e-09]\n",
      "  [  1.47511549e-09   2.18514613e-08   2.47507790e-07 ...,   2.47507790e-07\n",
      "     2.18514613e-08   1.47511549e-09]\n",
      "  [  1.07174895e-09   1.58762353e-08   1.79827420e-07 ...,   1.79827420e-07\n",
      "     1.58762353e-08   1.07174895e-09]]\n",
      "\n",
      " [[  8.89392906e-05  -3.57023722e-05  -3.05405755e-04 ...,   2.27604881e-13\n",
      "     1.15481563e-14   4.90081185e-16]\n",
      "  [  1.78002110e-04   1.20413396e-04  -1.64362431e-04 ...,   2.01036010e-12\n",
      "     1.13859600e-13   5.39134575e-15]\n",
      "  [  2.45950177e-04   3.01176744e-04   1.12545247e-04 ...,   1.59389049e-11\n",
      "     1.00804715e-12   5.32742348e-14]\n",
      "  ..., \n",
      "  [  5.32742348e-14   1.00804715e-12   1.59389049e-11 ...,   1.12545247e-04\n",
      "     3.01176744e-04   2.45950177e-04]\n",
      "  [  5.39134575e-15   1.13859600e-13   2.01036010e-12 ...,  -1.64362431e-04\n",
      "     1.20413396e-04   1.78002110e-04]\n",
      "  [  4.90081185e-16   1.15481563e-14   2.27604881e-13 ...,  -3.05405755e-04\n",
      "    -3.57023722e-05   8.89392906e-05]]\n",
      "\n",
      " [[  4.89179743e-06   4.26919529e-06   3.53493829e-06 ...,   1.74190557e-12\n",
      "     4.96462652e-13   1.34607564e-13]\n",
      "  [  2.33193278e-05   2.20218222e-05   1.97053609e-05 ...,   4.04702647e-11\n",
      "     1.23512529e-11   3.58547413e-12]\n",
      "  [  8.38891188e-05   8.62160983e-05   8.37722775e-05 ...,   7.40131261e-10\n",
      "     2.41998132e-10   7.52489597e-11]\n",
      "  ..., \n",
      "  [  7.52489597e-11   2.41998132e-10   7.40131261e-10 ...,   8.37722775e-05\n",
      "     8.62160983e-05   8.38891188e-05]\n",
      "  [  3.58547413e-12   1.23512529e-11   4.04702647e-11 ...,   1.97053609e-05\n",
      "     2.20218222e-05   2.33193278e-05]\n",
      "  [  1.34607564e-13   4.96462652e-13   1.74190557e-12 ...,   3.53493829e-06\n",
      "     4.26919529e-06   4.89179743e-06]]\n",
      "\n",
      " [[  1.34607564e-13   4.96462652e-13   1.74190557e-12 ...,   3.53493829e-06\n",
      "     4.26919529e-06   4.89179743e-06]\n",
      "  [  3.58547413e-12   1.23512529e-11   4.04702647e-11 ...,   1.97053609e-05\n",
      "     2.20218222e-05   2.33193278e-05]\n",
      "  [  7.52489597e-11   2.41998132e-10   7.40131261e-10 ...,   8.37722775e-05\n",
      "     8.62160983e-05   8.38891188e-05]\n",
      "  ..., \n",
      "  [  8.38891188e-05   8.62160983e-05   8.37722775e-05 ...,   7.40131261e-10\n",
      "     2.41998132e-10   7.52489597e-11]\n",
      "  [  2.33193278e-05   2.20218222e-05   1.97053609e-05 ...,   4.04702647e-11\n",
      "     1.23512529e-11   3.58547413e-12]\n",
      "  [  4.89179743e-06   4.26919529e-06   3.53493829e-06 ...,   1.74190557e-12\n",
      "     4.96462652e-13   1.34607564e-13]]\n",
      "\n",
      " [[  4.90081185e-16   1.15481563e-14   2.27604881e-13 ...,  -3.05405755e-04\n",
      "    -3.57023722e-05   8.89392906e-05]\n",
      "  [  5.39134575e-15   1.13859600e-13   2.01036010e-12 ...,  -1.64362431e-04\n",
      "     1.20413396e-04   1.78002110e-04]\n",
      "  [  5.32742348e-14   1.00804715e-12   1.59389049e-11 ...,   1.12545247e-04\n",
      "     3.01176744e-04   2.45950177e-04]\n",
      "  ..., \n",
      "  [  2.45950177e-04   3.01176744e-04   1.12545247e-04 ...,   1.59389049e-11\n",
      "     1.00804715e-12   5.32742348e-14]\n",
      "  [  1.78002110e-04   1.20413396e-04  -1.64362431e-04 ...,   2.01036010e-12\n",
      "     1.13859600e-13   5.39134575e-15]\n",
      "  [  8.89392906e-05  -3.57023722e-05  -3.05405755e-04 ...,   2.27604881e-13\n",
      "     1.15481563e-14   4.90081185e-16]]]\n",
      "[[[  2.70857694e-04   4.55900076e-04   7.03016318e-04 ...,   7.03016318e-04\n",
      "     4.55900076e-04   2.70857694e-04]\n",
      "  [  2.93375888e-04   4.93802069e-04   7.61462720e-04 ...,   7.61462720e-04\n",
      "     4.93802069e-04   2.93375888e-04]\n",
      "  [  3.15567103e-04   5.31153700e-04   8.19060442e-04 ...,   8.19060442e-04\n",
      "     5.31153700e-04   3.15567103e-04]\n",
      "  ..., \n",
      "  [  3.15567103e-04   5.31153700e-04   8.19060442e-04 ...,   8.19060442e-04\n",
      "     5.31153700e-04   3.15567103e-04]\n",
      "  [  2.93375888e-04   4.93802069e-04   7.61462720e-04 ...,   7.61462720e-04\n",
      "     4.93802069e-04   2.93375888e-04]\n",
      "  [  2.70857694e-04   4.55900076e-04   7.03016318e-04 ...,   7.03016318e-04\n",
      "     4.55900076e-04   2.70857694e-04]]\n",
      "\n",
      " [[ -8.38542375e-04  -1.41364482e-03  -1.92275767e-03 ...,   4.84689626e-05\n",
      "     2.50448530e-05   1.23156371e-05]\n",
      "  [ -5.05476804e-04  -1.14264744e-03  -1.78506342e-03 ...,   7.82824964e-05\n",
      "     4.17430265e-05   2.11704750e-05]\n",
      "  [ -1.17303134e-04  -7.66630655e-04  -1.49907300e-03 ...,   1.22667398e-04\n",
      "     6.75357985e-05   3.53402896e-05]\n",
      "  ..., \n",
      "  [  3.53402896e-05   6.75357985e-05   1.22667398e-04 ...,  -1.49907300e-03\n",
      "    -7.66630655e-04  -1.17303134e-04]\n",
      "  [  2.11704750e-05   4.17430265e-05   7.82824964e-05 ...,  -1.78506342e-03\n",
      "    -1.14264744e-03  -5.05476804e-04]\n",
      "  [  1.23156371e-05   2.50448530e-05   4.84689626e-05 ...,  -1.92275767e-03\n",
      "    -1.41364482e-03  -8.38542375e-04]]\n",
      "\n",
      " [[  9.51971799e-04   1.00190235e-03   1.03475404e-03 ...,   7.50127766e-05\n",
      "     5.67508593e-05   4.23660154e-05]\n",
      "  [  1.03163747e-03   1.13554717e-03   1.22118006e-03 ...,   1.47081566e-04\n",
      "     1.13529017e-04   8.64527623e-05]\n",
      "  [  9.22580933e-04   1.09013014e-03   1.24400621e-03 ...,   2.68867176e-04\n",
      "     2.11889737e-04   1.64700290e-04]\n",
      "  ..., \n",
      "  [  1.64700290e-04   2.11889737e-04   2.68867176e-04 ...,   1.24400621e-03\n",
      "     1.09013014e-03   9.22580933e-04]\n",
      "  [  8.64527623e-05   1.13529017e-04   1.47081566e-04 ...,   1.22118006e-03\n",
      "     1.13554717e-03   1.03163747e-03]\n",
      "  [  4.23660154e-05   5.67508593e-05   7.50127766e-05 ...,   1.03475404e-03\n",
      "     1.00190235e-03   9.51971799e-04]]\n",
      "\n",
      " [[  4.23660154e-05   5.67508593e-05   7.50127766e-05 ...,   1.03475404e-03\n",
      "     1.00190235e-03   9.51971799e-04]\n",
      "  [  8.64527623e-05   1.13529017e-04   1.47081566e-04 ...,   1.22118006e-03\n",
      "     1.13554717e-03   1.03163747e-03]\n",
      "  [  1.64700290e-04   2.11889737e-04   2.68867176e-04 ...,   1.24400621e-03\n",
      "     1.09013014e-03   9.22580933e-04]\n",
      "  ..., \n",
      "  [  9.22580933e-04   1.09013014e-03   1.24400621e-03 ...,   2.68867176e-04\n",
      "     2.11889737e-04   1.64700290e-04]\n",
      "  [  1.03163747e-03   1.13554717e-03   1.22118006e-03 ...,   1.47081566e-04\n",
      "     1.13529017e-04   8.64527623e-05]\n",
      "  [  9.51971799e-04   1.00190235e-03   1.03475404e-03 ...,   7.50127766e-05\n",
      "     5.67508593e-05   4.23660154e-05]]\n",
      "\n",
      " [[  1.23156371e-05   2.50448530e-05   4.84689626e-05 ...,  -1.92275767e-03\n",
      "    -1.41364482e-03  -8.38542375e-04]\n",
      "  [  2.11704750e-05   4.17430265e-05   7.82824964e-05 ...,  -1.78506342e-03\n",
      "    -1.14264744e-03  -5.05476804e-04]\n",
      "  [  3.53402896e-05   6.75357985e-05   1.22667398e-04 ...,  -1.49907300e-03\n",
      "    -7.66630655e-04  -1.17303134e-04]\n",
      "  ..., \n",
      "  [ -1.17303134e-04  -7.66630655e-04  -1.49907300e-03 ...,   1.22667398e-04\n",
      "     6.75357985e-05   3.53402896e-05]\n",
      "  [ -5.05476804e-04  -1.14264744e-03  -1.78506342e-03 ...,   7.82824964e-05\n",
      "     4.17430265e-05   2.11704750e-05]\n",
      "  [ -8.38542375e-04  -1.41364482e-03  -1.92275767e-03 ...,   4.84689626e-05\n",
      "     2.50448530e-05   1.23156371e-05]]]\n",
      "[[[ 0.0006059   0.00067975  0.000755    0.00083024  0.0009039   0.0009743\n",
      "    0.00103973  0.00109852  0.00114908  0.00119001  0.00122014  0.00123858\n",
      "    0.00124478  0.00123858  0.00122014  0.00119001  0.00114908  0.00109852\n",
      "    0.00103973  0.0009743   0.0009039   0.00083024  0.000755    0.00067975\n",
      "    0.0006059 ]\n",
      "  [ 0.00067975  0.00076259  0.00084701  0.00093143  0.00101406  0.00109304\n",
      "    0.00116645  0.0012324   0.00128912  0.00133504  0.00136884  0.00138953\n",
      "    0.00139649  0.00138953  0.00136884  0.00133504  0.00128912  0.0012324\n",
      "    0.00116645  0.00109304  0.00101406  0.00093143  0.00084701  0.00076259\n",
      "    0.00067975]\n",
      "  [ 0.000755    0.00084701  0.00094079  0.00103455  0.00112633  0.00121405\n",
      "    0.00129559  0.00136884  0.00143184  0.00148285  0.00152038  0.00154336\n",
      "    0.0015511   0.00154336  0.00152038  0.00148285  0.00143184  0.00136884\n",
      "    0.00129559  0.00121405  0.00112633  0.00103455  0.00094079  0.00084701\n",
      "    0.000755  ]\n",
      "  [ 0.00083024  0.00093143  0.00103455  0.00113765  0.00123858  0.00133504\n",
      "    0.0014247   0.00150526  0.00157454  0.00163062  0.0016719   0.00169717\n",
      "    0.00170568  0.00169717  0.0016719   0.00163062  0.00157454  0.00150526\n",
      "    0.0014247   0.00133504  0.00123858  0.00113765  0.00103455  0.00093143\n",
      "    0.00083024]\n",
      "  [ 0.0009039   0.00101406  0.00112633  0.00123858  0.00134846  0.00145348\n",
      "    0.0015511   0.0016388   0.00171423  0.00177529  0.00182023  0.00184774\n",
      "    0.001857    0.00184774  0.00182023  0.00177529  0.00171423  0.0016388\n",
      "    0.0015511   0.00145348  0.00134846  0.00123858  0.00112633  0.00101406\n",
      "    0.0009039 ]\n",
      "  [ 0.0009743   0.00109304  0.00121405  0.00133504  0.00145348  0.00156669\n",
      "    0.0016719   0.00176643  0.00184774  0.00191356  0.001962    0.00199165\n",
      "    0.00200163  0.00199165  0.001962    0.00191356  0.00184774  0.00176643\n",
      "    0.0016719   0.00156669  0.00145348  0.00133504  0.00121405  0.00109304\n",
      "    0.0009743 ]\n",
      "  [ 0.00103973  0.00116645  0.00129559  0.0014247   0.0015511   0.0016719\n",
      "    0.00178419  0.00188507  0.00197183  0.00204207  0.00209376  0.00212541\n",
      "    0.00213606  0.00212541  0.00209376  0.00204207  0.00197183  0.00188507\n",
      "    0.00178419  0.0016719   0.0015511   0.0014247   0.00129559  0.00116645\n",
      "    0.00103973]\n",
      "  [ 0.00109852  0.0012324   0.00136884  0.00150526  0.0016388   0.00176643\n",
      "    0.00188507  0.00199165  0.00208332  0.00215753  0.00221215  0.00224558\n",
      "    0.00225683  0.00224558  0.00221215  0.00215753  0.00208332  0.00199165\n",
      "    0.00188507  0.00176643  0.0016388   0.00150526  0.00136884  0.0012324\n",
      "    0.00109852]\n",
      "  [ 0.00114908  0.00128912  0.00143184  0.00157454  0.00171423  0.00184774\n",
      "    0.00197183  0.00208332  0.00217921  0.00225683  0.00231397  0.00234894\n",
      "    0.00236071  0.00234894  0.00231397  0.00225683  0.00217921  0.00208332\n",
      "    0.00197183  0.00184774  0.00171423  0.00157454  0.00143184  0.00128912\n",
      "    0.00114908]\n",
      "  [ 0.00119001  0.00133504  0.00148285  0.00163062  0.00177529  0.00191356\n",
      "    0.00204207  0.00215753  0.00225683  0.00233722  0.00239639  0.00243261\n",
      "    0.0024448   0.00243261  0.00239639  0.00233722  0.00225683  0.00215753\n",
      "    0.00204207  0.00191356  0.00177529  0.00163062  0.00148285  0.00133504\n",
      "    0.00119001]\n",
      "  [ 0.00122014  0.00136884  0.00152038  0.0016719   0.00182023  0.001962\n",
      "    0.00209376  0.00221215  0.00231397  0.00239639  0.00245705  0.00249419\n",
      "    0.00250669  0.00249419  0.00245705  0.00239639  0.00231397  0.00221215\n",
      "    0.00209376  0.001962    0.00182023  0.0016719   0.00152038  0.00136884\n",
      "    0.00122014]\n",
      "  [ 0.00123858  0.00138953  0.00154336  0.00169717  0.00184774  0.00199165\n",
      "    0.00212541  0.00224558  0.00234894  0.00243261  0.00249419  0.00253188\n",
      "    0.00254457  0.00253188  0.00249419  0.00243261  0.00234894  0.00224558\n",
      "    0.00212541  0.00199165  0.00184774  0.00169717  0.00154336  0.00138953\n",
      "    0.00123858]\n",
      "  [ 0.00124478  0.00139649  0.0015511   0.00170568  0.001857    0.00200163\n",
      "    0.00213606  0.00225683  0.00236071  0.0024448   0.00250669  0.00254457\n",
      "    0.00255733  0.00254457  0.00250669  0.0024448   0.00236071  0.00225683\n",
      "    0.00213606  0.00200163  0.001857    0.00170568  0.0015511   0.00139649\n",
      "    0.00124478]\n",
      "  [ 0.00123858  0.00138953  0.00154336  0.00169717  0.00184774  0.00199165\n",
      "    0.00212541  0.00224558  0.00234894  0.00243261  0.00249419  0.00253188\n",
      "    0.00254457  0.00253188  0.00249419  0.00243261  0.00234894  0.00224558\n",
      "    0.00212541  0.00199165  0.00184774  0.00169717  0.00154336  0.00138953\n",
      "    0.00123858]\n",
      "  [ 0.00122014  0.00136884  0.00152038  0.0016719   0.00182023  0.001962\n",
      "    0.00209376  0.00221215  0.00231397  0.00239639  0.00245705  0.00249419\n",
      "    0.00250669  0.00249419  0.00245705  0.00239639  0.00231397  0.00221215\n",
      "    0.00209376  0.001962    0.00182023  0.0016719   0.00152038  0.00136884\n",
      "    0.00122014]\n",
      "  [ 0.00119001  0.00133504  0.00148285  0.00163062  0.00177529  0.00191356\n",
      "    0.00204207  0.00215753  0.00225683  0.00233722  0.00239639  0.00243261\n",
      "    0.0024448   0.00243261  0.00239639  0.00233722  0.00225683  0.00215753\n",
      "    0.00204207  0.00191356  0.00177529  0.00163062  0.00148285  0.00133504\n",
      "    0.00119001]\n",
      "  [ 0.00114908  0.00128912  0.00143184  0.00157454  0.00171423  0.00184774\n",
      "    0.00197183  0.00208332  0.00217921  0.00225683  0.00231397  0.00234894\n",
      "    0.00236071  0.00234894  0.00231397  0.00225683  0.00217921  0.00208332\n",
      "    0.00197183  0.00184774  0.00171423  0.00157454  0.00143184  0.00128912\n",
      "    0.00114908]\n",
      "  [ 0.00109852  0.0012324   0.00136884  0.00150526  0.0016388   0.00176643\n",
      "    0.00188507  0.00199165  0.00208332  0.00215753  0.00221215  0.00224558\n",
      "    0.00225683  0.00224558  0.00221215  0.00215753  0.00208332  0.00199165\n",
      "    0.00188507  0.00176643  0.0016388   0.00150526  0.00136884  0.0012324\n",
      "    0.00109852]\n",
      "  [ 0.00103973  0.00116645  0.00129559  0.0014247   0.0015511   0.0016719\n",
      "    0.00178419  0.00188507  0.00197183  0.00204207  0.00209376  0.00212541\n",
      "    0.00213606  0.00212541  0.00209376  0.00204207  0.00197183  0.00188507\n",
      "    0.00178419  0.0016719   0.0015511   0.0014247   0.00129559  0.00116645\n",
      "    0.00103973]\n",
      "  [ 0.0009743   0.00109304  0.00121405  0.00133504  0.00145348  0.00156669\n",
      "    0.0016719   0.00176643  0.00184774  0.00191356  0.001962    0.00199165\n",
      "    0.00200163  0.00199165  0.001962    0.00191356  0.00184774  0.00176643\n",
      "    0.0016719   0.00156669  0.00145348  0.00133504  0.00121405  0.00109304\n",
      "    0.0009743 ]\n",
      "  [ 0.0009039   0.00101406  0.00112633  0.00123858  0.00134846  0.00145348\n",
      "    0.0015511   0.0016388   0.00171423  0.00177529  0.00182023  0.00184774\n",
      "    0.001857    0.00184774  0.00182023  0.00177529  0.00171423  0.0016388\n",
      "    0.0015511   0.00145348  0.00134846  0.00123858  0.00112633  0.00101406\n",
      "    0.0009039 ]\n",
      "  [ 0.00083024  0.00093143  0.00103455  0.00113765  0.00123858  0.00133504\n",
      "    0.0014247   0.00150526  0.00157454  0.00163062  0.0016719   0.00169717\n",
      "    0.00170568  0.00169717  0.0016719   0.00163062  0.00157454  0.00150526\n",
      "    0.0014247   0.00133504  0.00123858  0.00113765  0.00103455  0.00093143\n",
      "    0.00083024]\n",
      "  [ 0.000755    0.00084701  0.00094079  0.00103455  0.00112633  0.00121405\n",
      "    0.00129559  0.00136884  0.00143184  0.00148285  0.00152038  0.00154336\n",
      "    0.0015511   0.00154336  0.00152038  0.00148285  0.00143184  0.00136884\n",
      "    0.00129559  0.00121405  0.00112633  0.00103455  0.00094079  0.00084701\n",
      "    0.000755  ]\n",
      "  [ 0.00067975  0.00076259  0.00084701  0.00093143  0.00101406  0.00109304\n",
      "    0.00116645  0.0012324   0.00128912  0.00133504  0.00136884  0.00138953\n",
      "    0.00139649  0.00138953  0.00136884  0.00133504  0.00128912  0.0012324\n",
      "    0.00116645  0.00109304  0.00101406  0.00093143  0.00084701  0.00076259\n",
      "    0.00067975]\n",
      "  [ 0.0006059   0.00067975  0.000755    0.00083024  0.0009039   0.0009743\n",
      "    0.00103973  0.00109852  0.00114908  0.00119001  0.00122014  0.00123858\n",
      "    0.00124478  0.00123858  0.00122014  0.00119001  0.00114908  0.00109852\n",
      "    0.00103973  0.0009743   0.0009039   0.00083024  0.000755    0.00067975\n",
      "    0.0006059 ]]]\n",
      "[[[  2.16655653e-03   2.13324131e-03   2.06785201e-03   1.97389911e-03\n",
      "     1.85675125e-03   1.72339570e-03   1.58205357e-03   1.44167207e-03\n",
      "     1.31132969e-03   1.19960101e-03   1.11393423e-03   1.06009612e-03\n",
      "     1.04173410e-03   1.06009612e-03   1.11393423e-03   1.19960101e-03\n",
      "     1.31132969e-03   1.44167207e-03   1.58205357e-03   1.72339570e-03\n",
      "     1.85675125e-03   1.97389911e-03   2.06785201e-03   2.13324131e-03\n",
      "     2.16655653e-03]\n",
      "  [  2.13324131e-03   2.05962546e-03   1.94933373e-03   1.80700342e-03\n",
      "     1.63942956e-03   1.45527129e-03   1.26459051e-03   1.07824907e-03\n",
      "     9.07206670e-04   7.61773871e-04   6.50881890e-04   5.81432465e-04\n",
      "     5.57785684e-04   5.81432465e-04   6.50881890e-04   7.61773871e-04\n",
      "     9.07206670e-04   1.07824907e-03   1.26459051e-03   1.45527129e-03\n",
      "     1.63942956e-03   1.80700342e-03   1.94933373e-03   2.05962546e-03\n",
      "     2.13324131e-03]\n",
      "  [  2.06785201e-03   1.94933373e-03   1.78937658e-03   1.59384008e-03\n",
      "     1.37105453e-03   1.13146968e-03   8.87112060e-04   6.50881890e-04\n",
      "     4.35737978e-04   2.53833096e-04   1.15670627e-04   2.93546913e-05\n",
      "     0.00000000e+00   2.93546913e-05   1.15670627e-04   2.53833096e-04\n",
      "     4.35737978e-04   6.50881890e-04   8.87112060e-04   1.13146968e-03\n",
      "     1.37105453e-03   1.59384008e-03   1.78937658e-03   1.94933373e-03\n",
      "     2.06785201e-03]\n",
      "  [  1.97389911e-03   1.80700342e-03   1.59384008e-03   1.34155780e-03\n",
      "     1.06009612e-03   7.61773871e-04   4.60662521e-04   1.71779528e-04\n",
      "    -8.98430861e-05  -3.10144236e-04  -4.76993361e-04  -5.81042631e-04\n",
      "    -6.16397071e-04  -5.81042631e-04  -4.76993361e-04  -3.10144236e-04\n",
      "    -8.98430861e-05   1.71779528e-04   4.60662521e-04   7.61773871e-04\n",
      "     1.06009612e-03   1.34155780e-03   1.59384008e-03   1.80700342e-03\n",
      "     1.97389911e-03]\n",
      "  [  1.85675125e-03   1.63942956e-03   1.37105453e-03   1.06009612e-03\n",
      "     7.18134504e-04   3.59387693e-04   0.00000000e+00  -3.42868724e-04\n",
      "    -6.52091341e-04  -9.11680170e-04  -1.10786307e-03  -1.23003811e-03\n",
      "    -1.27152381e-03  -1.23003811e-03  -1.10786307e-03  -9.11680170e-04\n",
      "    -6.52091341e-04  -3.42868724e-04   0.00000000e+00   3.59387693e-04\n",
      "     7.18134504e-04   1.06009612e-03   1.37105453e-03   1.63942956e-03\n",
      "     1.85675125e-03]\n",
      "  [  1.72339570e-03   1.45527129e-03   1.13146968e-03   7.61773871e-04\n",
      "     3.59387693e-04  -5.95966612e-05  -4.76993361e-04  -8.73535623e-04\n",
      "    -1.23003811e-03  -1.52862205e-03  -1.75390494e-03  -1.89405512e-03\n",
      "    -1.94162010e-03  -1.89405512e-03  -1.75390494e-03  -1.52862205e-03\n",
      "    -1.23003811e-03  -8.73535623e-04  -4.76993361e-04  -5.95966612e-05\n",
      "     3.59387693e-04   7.61773871e-04   1.13146968e-03   1.45527129e-03\n",
      "     1.72339570e-03]\n",
      "  [  1.58205357e-03   1.26459051e-03   8.87112060e-04   4.60662521e-04\n",
      "     0.00000000e+00  -4.76993361e-04  -9.50185171e-04  -1.39830213e-03\n",
      "    -1.80020060e-03  -2.13620369e-03  -2.38939849e-03  -2.54678510e-03\n",
      "    -2.60017871e-03  -2.54678510e-03  -2.38939849e-03  -2.13620369e-03\n",
      "    -1.80020060e-03  -1.39830213e-03  -9.50185171e-04  -4.76993361e-04\n",
      "     0.00000000e+00   4.60662521e-04   8.87112060e-04   1.26459051e-03\n",
      "     1.58205357e-03]\n",
      "  [  1.44167207e-03   1.07824907e-03   6.50881890e-04   1.71779528e-04\n",
      "    -3.42868724e-04  -8.73535623e-04  -1.39830213e-03  -1.89405512e-03\n",
      "    -2.33785662e-03  -2.70838316e-03  -2.98732091e-03  -3.16060096e-03\n",
      "    -3.21936845e-03  -3.16060096e-03  -2.98732091e-03  -2.70838316e-03\n",
      "    -2.33785662e-03  -1.89405512e-03  -1.39830213e-03  -8.73535623e-04\n",
      "    -3.42868724e-04   1.71779528e-04   6.50881890e-04   1.07824907e-03\n",
      "     1.44167207e-03]\n",
      "  [  1.31132969e-03   9.07206670e-04   4.35737978e-04  -8.98430861e-05\n",
